DEMApp/bin/Debug/demo01.asc
ncols         522
nrows         454
xllcorner     478667.7658097
yllcorner     4448012.8994962
cellsize      81.744993838449
NODATA_value  -9999
[rows 264 to 307 of 454, columns 0 to 95 of 522]
-9999 53 51 52 51 50 50 50 50 50 52 52 52 50 47 47 48 48 48 48 51 54 55 54 54 53 52 53 55 55 54 54 55 55 55 56 55 55 57 56 57 56 57 59 58 64 64 61 59 57 56 58 56 53 56 60 59 61 60 56 58 58 57 58 58 60 60 61 60 60 61 61 62 65 66 69 72 74 76 76 76 75 81 95 97 94 95 94 99 110 122 116 133 161 132 122
-9999 58 56 52 49 48 46 45 47 49 47 47 45 45 42 50 53 51 52 52 52 55 56 57 56 56 56 54 56 56 54 55 56 53 54 56 55 54 55 56 59 59 60 58 58 64 59 58 58 58 58 56 55 54 56 59 58 60 54 56 56 58 57 57 59 61 61 63 63 62 62 63 66 71 73 70 74 76 76 77 86 83 81 89 103 104 103 110 126 139 143 129 133 172 146 137
-9999 55 48 47 48 48 46 46 47 47 43 43 42 42 43 51 52 53 56 55 53 54 54 55 56 56 57 53 54 53 54 54 54 52 56 54 54 54 56 57 58 60 59 59 58 60 62 59 57 58 58 55 54 54 59 58 58 60 54 56 56 58 57 57 59 61 61 63 63 62 62 63 66 71 73 70 74 76 76 77 86 83 81 89 103 104 103 110 126 139 143 129 133 172 146 137
-9999 49 44 47 48 48 46 46 47 47 43 43 42 42 43 51 52 53 56 55 53 54 54 55 56 56 57 53 54 53 54 54 54 52 56 54 54 54 56 57 58 60 59 59 58 60 62 59 57 58 58 55 54 54 59 58 59 60 56 56 57 58 60 60 61 62 62 63 64 64 64 67 72 74 73 73 71 77 84 80 91 90 89 97 107 112 122 133 147 171 180 154 140 173 154 145
-9999 49 44 46 49 50 49 48 47 45 43 43 42 43 44 50 53 55 56 53 53 53 54 57 58 56 56 53 55 55 55 55 55 56 55 54 56 57 56 56 58 58 58 60 57 58 59 55 55 56 55 53 53 55 58 55 57 59 58 58 59 59 59 60 62 62 64 63 63 65 69 73 78 78 84 85 75 76 84 88 92 99 105 124 137 129 133 154 180 214 215 179 148 186 168 156
-9999 50 50 47 50 51 50 51 50 46 42 43 42 41 43 52 53 54 54 54 53 53 57 60 60 58 57 53 54 55 55 55 55 57 55 53 56 59 57 57 57 55 55 55 58 59 54 55 55 55 53 49 50 56 58 54 54 53 55 56 59 59 59 61 61 61 63 64 65 68 72 72 77 83 89 95 89 86 89 97 115 125 125 142 166 151 137 163 200 230 229 186 172 197 180 170
-9999 54 53 50 47 46 50 53 54 50 45 42 41 41 45 52 53 54 54 51 53 55 56 56 61 57 56 58 54 54 54 56 56 56 53 54 55 57 56 57 56 54 55 58 58 54 55 55 55 54 52 49 55 58 55 53 53 52 55 56 57 58 60 61 61 61 63 67 69 69 73 73 75 90 91 104 109 112 121 120 146 161 149 143 174 172 147 166 197 227 232 200 172 187 195 185
-9999 51 50 51 47 47 51 49 48 47 44 44 43 42 46 55 53 54 53 54 55 54 53 55 54 53 53 53 55 54 55 56 55 54 54 55 56 58 57 56 55 55 58 59 55 54 56 56 56 54 53 52 57 59 56 55 55 56 55 55 57 59 59 61 61 60 62 73 75 71 77 82 78 96 102 122 148 172 179 155 148 180 179 163 177 191 179 196 231 259 261 223 189 200 202 200
-9999 51 52 52 51 49 46 45 46 45 44 45 46 46 49 54 52 53 54 54 55 54 58 57 53 52 52 53 56 56 56 56 54 52 54 56 55 56 55 55 54 57 56 54 55 55 57 57 54 55 55 54 55 57 59 59 55 55 54 56 58 58 59 58 60 60 64 76 79 79 84 86 85 121 116 119 143 175 194 188 148 183 210 203 213 237 220 236 265 288 265 227 205 217 213 219
-9999 49 49 48 50 48 47 45 43 43 42 42 46 50 53 55 52 53 54 55 55 54 55 53 53 53 52 54 54 53 54 53 52 52 54 55 56 57 54 52 55 58 56 55 54 54 58 56 53 54 55 55 55 55 57 59 59 62 60 58 58 56 55 56 58 61 68 85 92 88 88 99 114 156 143 134 137 139 160 194 170 173 196 226 256 285 250 258 286 288 259 220 238 255 246 255
-9999 45 45 48 47 46 47 46 45 45 43 44 48 50 52 54 52 52 53 53 55 54 52 52 53 53 55 54 50 54 54 51 50 54 54 54 56 55 56 56 53 58 55 56 55 57 59 57 53 53 54 56 56 55 56 58 57 58 60 59 59 57 57 60 60 63 68 82 92 98 100 107 119 179 173 166 175 169 157 220 220 207 210 230 262 302 277 278 300 295 265 237 250 275 287 255
-9999 44 45 47 44 44 45 46 47 49 48 48 49 49 51 54 53 54 56 54 52 53 51 52 52 54 55 54 51 53 53 50 50 54 54 54 56 55 56 56 53 58 55 56 55 57 59 57 53 53 54 56 56 55 56 58 57 58 60 59 59 57 57 60 60 63 68 82 92 98 100 107 119 179 173 166 175 169 157 220 220 207 210 230 262 302 277 278 300 295 265 237 250 275 287 302
-9999 44 45 47 44 44 45 46 47 49 48 48 49 49 51 54 53 54 56 54 52 53 51 52 52 54 55 54 51 53 53 50 50 54 56 55 53 53 57 58 55 55 53 53 56 58 55 55 53 53 54 55 54 56 56 55 55 58 58 58 60 59 61 64 63 67 70 82 87 104 119 131 130 170 200 210 215 217 189 208 229 235 239 245 270 301 299 317 334 321 279 255 270 275 307 341
-9999 46 48 45 43 43 43 42 45 48 49 48 46 45 49 53 52 52 52 53 52 52 52 52 53 55 54 53 52 52 52 51 52 53 54 56 53 54 57 56 58 55 55 57 60 56 53 52 52 54 55 55 54 55 55 56 55 57 57 59 61 60 62 63 65 70 79 83 100 135 155 169 167 154 188 220 237 241 217 204 233 260 268 267 290 314 330 352 361 326 290 292 323 307 305 332
-9999 48 47 44 43 42 42 40 42 45 45 43 43 44 49 50 51 51 51 53 52 51 51 50 49 52 53 51 57 56 54 52 53 53 53 53 53 54 55 54 54 59 57 58 58 53 54 51 52 52 55 57 55 55 56 57 57 57 58 59 60 62 63 64 66 68 83 101 121 152 193 214 196 154 183 217 232 242 228 219 243 266 295 310 325 331 356 362 346 314 302 328 383 349 324 338
-9999 49 47 44 41 41 42 40 42 44 41 42 43 45 49 50 52 53 53 51 52 51 50 50 49 50 52 52 54 56 57 56 55 55 53 52 54 53 54 54 52 55 59 61 55 56 55 50 52 54 54 55 53 55 57 56 58 58 58 59 63 64 66 66 68 73 99 108 132 176 220 236 205 159 178 210 245 283 275 231 257 293 309 340 355 354 365 367 344 331 327 357 387 368 367 381
-9999 48 47 45 44 43 42 40 44 42 42 44 44 44 50 52 52 52 51 51 53 52 51 50 51 51 51 51 54 53 54 55 55 55 53 55 53 52 51 53 54 54 53 57 58 57 57 51 53 57 55 55 55 55 55 56 59 59 59 58 64 66 67 69 72 81 128 148 160 181 225 247 214 173 187 221 267 310 325 260 266 296 335 378 390 386 390 390 375 363 347 366 409 416 416 417
-9999 47 45 43 45 46 44 44 42 43 48 49 48 48 52 51 49 51 51 52 55 50 48 49 51 51 51 54 52 54 55 54 53 54 56 55 52 52 52 55 57 55 54 55 57 57 56 50 53 53 54 55 54 55 57 56 57 58 59 60 65 68 70 73 80 91 150 185 210 215 229 234 213 199 198 223 273 325 337 294 307 320 353 388 414 419 433 424 406 399 376 380 407 423 414 393
-9999 43 44 44 46 48 47 48 44 49 50 50 49 51 55 53 50 51 52 52 53 47 50 52 51 50 53 54 52 55 54 53 53 53 54 55 52 51 52 57 55 53 53 53 54 56 57 54 53 53 53 55 54 55 57 58 59 60 62 64 68 72 78 85 87 92 141 167 189 206 215 217 238 238 232 237 267 309 331 342 360 380 391 407 420 425 400 407 391 384 365 351 365 378 365 348
-9999 43 44 44 46 48 46 47 46 48 48 50 51 50 51 51 52 52 51 52 51 48 50 52 52 52 51 51 54 55 54 54 54 53 52 55 58 55 55 56 53 53 53 52 53 55 59 56 55 55 54 52 53 55 58 59 62 63 62 63 72 79 86 96 104 102 115 131 189 206 215 217 238 238 232 237 267 309 331 342 360 380 391 407 420 425 400 407 391 384 365 351 365 378 365 348
-9999 45 47 47 47 47 48 47 48 50 51 51 51 50 51 51 52 52 51 52 51 48 50 52 52 52 51 51 54 55 54 54 54 53 52 55 58 55 55 56 53 53 53 52 53 55 59 56 55 55 54 52 53 55 58 59 62 63 62 63 72 79 86 96 104 102 115 131 144 156 176 205 253 289 274 274 275 296 316 370 379 401 412 406 394 391 355 367 361 345 330 317 334 342 321 310
-9999 45 47 47 47 47 48 47 48 50 51 51 51 51 50 50 50 51 51 51 50 50 49 50 53 54 53 52 52 54 54 52 55 54 52 56 56 57 59 55 52 52 51 52 53 54 56 53 54 56 55 54 54 55 60 60 62 63 65 68 71 77 83 88 99 110 123 133 138 152 170 201 244 317 321 317 301 307 330 378 411 421 400 371 352 348 320 329 329 312 301 301 300 303 291 287
-9999 43 41 44 46 47 48 50 51 51 52 51 51 51 52 53 50 52 53 50 50 53 54 56 57 57 54 53 53 52 53 54 55 53 54 55 54 53 53 55 57 55 54 52 54 58 54 53 53 56 57 58 57 59 60 59 62 65 71 73 76 89 96 94 94 106 133 146 159 165 180 206 238 302 340 355 338 328 362 405 418 399 369 340 327 323 289 295 292 276 273 269 266 266 268 290
-9999 42 40 42 46 47 47 51 50 51 53 51 50 51 49 48 50 51 51 50 52 52 54 54 56 56 53 52 54 53 55 53 51 53 55 53 53 52 52 52 56 54 53 57 58 54 53 47 51 52 54 54 54 58 59 62 64 65 69 70 86 112 132 134 117 110 135 148 161 177 193 219 251 311 351 387 390 381 400 449 444 411 376 341 318 301 270 258 256 248 253 246 251 263 284 310
-9999 40 41 44 47 48 51 52 50 51 52 49 48 50 49 50 50 49 49 50 51 52 51 51 54 55 52 52 54 53 51 51 53 53 52 53 52 51 51 52 51 52 51 54 55 51 52 47 55 54 54 55 55 57 57 61 64 63 69 87 100 118 142 162 157 151 143 166 193 210 221 245 289 354 378 425 443 434 457 454 439 410 373 335 314 296 242 231 234 237 250 234 261 273 305 336
-9999 41 43 46 47 47 51 51 50 52 51 50 47 48 51 51 50 49 49 49 52 52 52 54 53 54 53 52 53 52 52 51 52 53 52 55 53 51 52 51 53 56 55 52 53 54 51 55 56 53 52 54 57 58 57 63 64 63 73 90 91 92 111 135 152 176 179 206 235 264 281 283 303 380 410 457 487 492 483 436 416 400 375 337 298 268 229 218 214 219 226 232 292 291 300 331
-9999 43 46 47 48 46 50 49 51 50 49 49 48 48 50 49 48 50 53 50 51 50 52 51 50 52 51 52 51 52 51 51 51 51 53 52 50 51 51 51 53 55 52 52 54 52 49 54 55 54 55 56 58 57 56 61 62 62 64 70 73 75 83 97 121 151 177 215 257 292 320 327 324 363 400 450 482 485 462 398 384 379 357 326 289 257 219 209 200 204 218 236 316 339 343 342
-9999 47 48 48 48 49 51 50 49 49 48 49 50 52 50 50 50 53 54 54 51 52 55 50 50 49 50 53 52 50 49 51 50 50 49 50 52 52 52 52 52 51 52 54 51 52 51 52 53 54 55 58 59 59 61 63 61 62 63 63 73 76 82 89 109 131 176 215 252 270 283 292 305 354 393 432 452 466 463 397 360 350 334 299 269 244 210 199 191 202 224 243 318 358 374 382
-9999 48 48 48 48 50 52 52 49 47 47 49 49 51 50 50 51 52 51 51 50 54 51 50 51 51 51 51 51 49 50 50 51 53 51 50 51 52 52 56 53 52 51 52 51 52 51 52 53 54 55 58 59 59 61 63 61 62 63 63 73 76 82 89 109 131 176 215 252 270 283 292 305 354 393 432 452 466 463 397 360 350 334 299 269 244 210 199 191 202 224 243 318 358 374 382
-9999 48 48 48 48 50 52 52 49 47 47 49 49 51 50 50 51 52 51 51 50 54 51 50 51 51 51 51 51 49 50 50 51 53 51 50 51 52 52 56 53 52 51 52 51 51 52 54 55 55 55 56 57 60 61 61 61 61 62 65 73 77 85 99 120 143 188 212 231 236 255 283 315 342 367 386 401 433 450 376 339 319 318 304 282 255 205 186 188 208 233 253 314 332 348 364
-9999 47 48 49 48 48 49 49 49 48 48 49 48 48 51 51 53 54 54 54 51 51 52 51 51 52 50 52 53 51 51 49 51 53 51 51 50 52 53 50 52 49 49 51 52 54 53 55 56 57 59 59 60 59 61 62 62 63 65 64 71 79 93 113 142 172 192 195 210 235 255 266 279 298 321 336 362 415 450 370 329 297 283 285 291 260 201 182 193 221 245 258 285 305 333 353
-9999 48 47 47 47 48 49 48 48 50 51 49 48 49 48 53 51 55 55 54 52 50 51 50 50 51 49 53 51 51 52 50 52 52 51 52 51 53 50 49 49 48 49 51 54 55 53 54 56 57 59 60 61 62 62 63 64 63 65 65 75 82 104 134 150 164 177 193 207 209 209 219 231 265 289 313 352 405 447 381 340 310 287 261 269 253 189 179 199 219 229 233 270 295 313 327
-9999 47 47 47 47 46 46 48 51 50 50 50 50 49 46 51 51 52 51 51 51 50 50 51 50 50 49 48 49 51 49 49 53 54 51 53 51 51 52 49 49 49 51 51 52 56 57 55 57 59 60 62 64 63 62 66 64 67 68 71 92 87 94 116 136 147 179 195 176 184 198 213 228 272 309 327 346 392 421 364 338 317 280 246 243 236 183 177 185 192 206 228 285 300 312 316
-9999 46 47 47 46 46 47 48 48 50 49 50 50 49 49 52 49 48 47 48 50 50 51 50 49 51 51 48 48 49 49 51 52 54 52 54 52 52 50 47 49 50 51 52 51 52 54 55 56 60 61 63 65 63 64 66 66 67 66 80 122 106 99 107 127 136 152 163 165 198 238 260 266 300 334 359 375 389 402 349 315 289 265 240 227 212 186 171 177 194 214 237 294 308 306 312
-9999 48 47 45 44 47 48 49 46 46 48 47 49 51 51 49 51 49 47 47 50 51 50 50 50 53 51 53 52 50 50 52 51 50 53 53 52 52 51 51 49 48 52 52 50 52 53 54 57 62 65 65 66 66 65 68 68 67 67 83 121 128 130 127 130 129 136 154 174 202 226 250 256 312 344 351 361 361 367 351 340 319 294 258 238 211 187 168 170 189 221 254 282 287 283 272
-9999 48 46 47 46 46 48 49 44 46 48 46 48 48 52 47 48 49 48 49 50 48 49 49 52 49 49 51 50 50 50 54 53 49 52 50 52 53 52 51 49 50 52 53 55 53 54 54 56 60 64 65 66 66 65 66 68 69 70 89 108 138 162 164 143 122 140 174 206 218 213 211 234 298 320 332 334 339 351 308 314 328 308 268 233 205 176 164 167 192 220 244 247 238 237 234
-9999 49 47 48 48 46 48 50 47 48 48 49 50 48 49 49 50 49 49 48 47 48 49 50 51 49 52 50 49 50 50 52 52 51 49 50 51 51 48 48 49 50 52 52 53 54 53 55 56 60 63 63 63 64 65 66 69 72 69 74 110 135 151 155 145 123 132 163 187 190 174 183 213 274 307 308 318 319 333 287 267 283 308 268 233 205 176 164 167 192 220 244 247 238 237 234
-9999 47 46 47 46 45 48 48 49 47 48 50 48 48 48 46 47 48 47 47 47 47 51 50 51 49 52 50 49 50 50 52 52 51 49 50 51 51 48 48 49 50 52 52 53 54 53 55 56 60 63 63 63 64 65 66 69 72 69 74 110 135 151 155 145 123 132 163 187 190 174 183 213 274 307 308 318 319 333 287 267 283 290 258 227 199 167 158 165 181 196 214 214 206 214 234
-9999 47 46 47 46 45 48 48 49 47 48 50 48 48 48 46 47 48 47 47 47 47 51 50 48 49 52 52 52 51 50 51 51 53 51 50 50 49 48 49 53 52 54 53 54 54 54 57 57 60 60 62 63 63 65 66 69 73 72 71 96 120 128 129 142 123 118 134 142 149 159 181 198 262 290 279 281 283 304 281 250 237 248 239 211 190 159 151 157 165 173 185 193 206 220 237
-9999 46 47 46 45 47 49 45 48 49 48 49 48 48 48 47 48 47 48 49 49 50 51 48 48 50 51 54 53 52 52 52 51 49 52 51 50 49 49 49 51 51 52 53 54 54 54 58 57 58 59 61 62 63 64 65 69 72 72 75 90 114 116 111 126 112 108 127 143 159 173 192 209 280 289 264 247 258 274 256 229 210 210 210 187 170 150 153 171 196 196 191 213 217 225 248
-9999 47 47 48 48 52 50 47 46 48 48 49 48 49 47 48 48 47 49 49 50 48 48 48 52 53 52 52 53 52 49 48 49 49 51 52 51 50 48 47 51 49 52 53 54 54 54 59 58 57 60 65 67 68 66 68 71 73 73 74 80 93 99 96 102 100 105 121 136 161 173 186 207 280 288 263 226 226 235 243 210 193 184 185 186 168 149 163 177 196 216 219 243 253 242 265
-9999 46 47 47 47 49 46 47 49 49 49 49 50 50 48 46 47 47 49 48 49 46 47 48 52 52 52 54 54 52 48 49 49 49 52 53 51 49 48 49 50 50 51 53 53 52 55 67 75 79 79 87 100 82 69 68 69 70 72 72 75 80 83 86 90 92 105 128 155 169 165 171 194 265 280 268 233 202 211 242 220 207 186 169 167 160 152 167 181 209 235 251 279 271 274 310
-9999 47 48 46 46 48 46 45 49 50 50 49 49 49 46 45 47 47 48 47 48 48 48 50 48 50 51 53 52 51 50 48 46 43 48 51 49 49 49 50 49 50 51 53 53 53 57 73 84 91 100 104 107 99 80 70 67 68 72 75 78 78 81 85 87 89 106 119 133 141 148 169 207 254 262 260 239 197 192 237 227 216 203 184 158 142 153 162 179 200 222 250 311 298 311 333
-9999 47 48 48 48 48 48 47 48 49 50 50 49 48 47 45 47 47 48 49 47 47 46 45 47 49 51 50 51 52 51 47 44 45 45 51 51 50 48 49 46 49 52 52 52 53 57 71 71 73 78 80 79 93 93 82 68 69 72 74 78 79 81 83 87 90 102 106 111 129 146 172 209 238 240 220 201 184 169 223 226 205 194 180 160 142 150 165 186 212 241 275 334 337 356 362
