DEMApp/bin/Debug/demo01.asc
ncols         522
nrows         454
xllcorner     478667.7658097
yllcorner     4448012.8994962
cellsize      81.744993838449
NODATA_value  -9999
[rows 220 to 263 of 454, columns 288 to 383 of 522]
152 153 154 157 166 180 179 169 171 182 196 193 178 165 164 170 182 196 190 182 178 184 191 198 178 175 191 201 190 177 179 190 199 220 227 222 220 219 228 240 262 286 291 269 279 313 352 369 341 304 328 352 359 367 381 404 450 484 504 493 473 482 507 480 442 418 429 431 420 415 443 480 496 490 484 487 534 562 590 625 660 689 639 642 663 693 673 639 639 687 689 684 693 689 685 643
155 156 158 158 161 172 182 180 171 182 196 197 180 169 167 171 181 193 193 185 184 187 189 199 185 186 194 193 184 175 183 196 195 197 202 207 209 216 222 233 251 264 276 280 296 332 373 377 347 310 332 354 369 385 409 431 486 519 536 513 501 504 518 470 431 405 391 392 394 428 455 486 520 536 534 516 550 589 623 651 662 671 705 707 721 727 704 683 690 703 681 669 650 637 631 622
155 156 158 158 161 172 182 180 171 182 196 197 180 169 167 171 181 193 193 185 184 187 189 199 185 186 194 193 184 175 183 196 195 197 202 207 209 216 222 233 251 264 276 280 296 332 373 377 347 310 332 354 369 385 409 431 465 519 536 513 501 504 518 470 431 405 391 392 394 428 455 486 520 536 534 516 550 589 623 651 662 671 705 707 721 727 704 683 690 703 681 669 650 637 631 622
157 155 158 159 161 165 174 182 179 182 192 203 187 177 172 175 177 187 191 186 189 198 199 200 186 200 205 198 185 176 183 197 194 193 197 200 209 222 226 232 241 251 260 277 319 363 393 364 329 312 333 339 352 381 404 429 454 518 544 530 500 474 473 463 438 404 380 394 407 437 462 500 539 574 579 550 539 570 590 606 619 643 740 722 704 699 692 707 728 688 639 618 596 578 581 584
158 156 158 162 165 166 168 176 185 190 190 202 199 188 183 179 180 184 188 191 196 210 220 203 193 212 223 214 197 182 179 187 192 199 203 203 204 226 231 237 258 281 291 287 330 369 385 354 327 343 366 370 368 397 421 446 470 531 525 495 474 449 429 444 418 388 377 399 419 434 451 475 507 548 586 588 556 557 564 580 606 644 741 704 663 634 645 683 706 655 603 573 556 534 526 534
165 164 159 164 166 168 170 177 187 195 194 196 202 206 204 193 199 204 188 198 210 228 228 209 203 219 225 215 214 198 183 186 192 205 215 216 213 231 236 243 255 286 309 323 337 369 375 340 338 359 389 397 401 393 417 455 496 540 517 482 458 432 404 418 399 376 367 381 395 458 487 503 519 543 589 631 614 592 586 597 629 667 714 682 632 588 601 628 649 653 606 570 552 517 489 490
170 175 170 165 167 171 171 177 183 183 186 190 196 204 215 220 222 219 201 213 215 222 219 199 208 223 222 212 203 196 184 193 197 194 210 221 222 232 250 267 271 268 290 313 339 375 367 355 372 384 394 424 433 433 447 472 505 507 494 460 445 434 402 382 369 357 356 384 411 468 506 532 564 588 621 647 652 634 644 654 673 696 676 645 612 560 559 573 600 633 628 587 572 550 506 454
172 179 181 175 168 177 179 178 181 180 184 190 195 204 216 226 237 237 208 221 231 228 214 198 214 232 228 214 202 197 189 191 206 205 203 217 234 245 270 285 306 301 294 298 355 388 375 370 402 427 418 433 460 478 493 494 486 461 474 450 416 403 392 353 350 359 376 403 426 465 492 514 553 599 634 659 654 658 663 659 653 672 627 592 573 534 523 535 548 598 602 549 529 536 517 474
172 180 186 180 174 182 185 186 190 190 187 202 202 206 210 217 232 235 213 221 234 227 217 203 219 228 223 215 215 216 205 191 204 218 212 230 245 261 286 304 329 344 337 321 366 395 390 410 432 450 459 481 493 490 493 485 453 414 430 440 417 382 367 343 359 369 387 398 416 471 504 542 586 608 613 609 628 631 615 612 603 619 582 545 520 496 488 503 502 558 547 509 486 491 480 470
177 184 187 182 176 188 191 197 198 198 199 205 213 216 216 219 226 229 219 226 230 230 214 202 222 219 211 209 207 205 199 198 214 226 225 242 267 259 278 301 337 383 375 348 395 420 414 448 482 501 486 487 488 458 451 462 449 378 395 402 387 364 342 362 392 397 396 403 417 482 513 547 567 566 560 556 607 612 593 578 554 556 553 516 489 470 459 472 492 545 523 485 451 440 437 420
177 184 187 182 176 188 191 197 198 198 199 205 213 216 216 219 226 229 219 226 230 230 214 202 222 219 211 209 207 205 199 198 214 235 253 262 286 293 299 307 342 393 398 375 420 431 438 474 492 483 450 455 464 434 408 420 439 361 355 364 350 333 332 383 425 433 442 448 445 501 531 541 526 512 512 532 566 598 609 578 530 504 485 483 474 458 433 453 486 514 517 500 473 445 428 385
185 190 190 183 186 195 195 202 205 205 208 208 213 221 224 220 227 235 228 235 242 233 220 213 223 216 214 209 204 200 195 198 212 235 253 262 286 293 299 307 342 393 398 375 420 431 438 474 492 483 450 455 464 434 408 420 439 361 355 364 350 333 332 383 425 433 442 448 445 501 531 541 526 512 512 532 566 598 609 578 530 504 485 483 474 458 433 453 486 514 517 500 473 445 428 385
187 194 194 192 194 202 209 209 213 217 217 220 219 227 235 236 241 245 242 242 255 252 236 234 237 224 218 218 212 203 200 211 220 231 261 290 311 312 321 339 363 393 399 396 425 411 432 470 474 446 413 435 446 408 378 390 412 364 331 326 325 328 352 399 431 455 449 438 437 481 497 500 478 475 489 513 571 601 629 601 558 518 465 448 441 440 423 438 452 478 512 533 520 490 455 397
194 196 198 202 202 206 213 219 223 226 227 230 232 240 246 250 259 258 253 248 261 268 254 251 235 231 225 222 215 203 203 222 245 260 265 287 322 338 333 361 380 420 418 427 395 387 416 451 471 450 388 411 418 392 359 370 371 340 314 313 331 350 361 406 411 414 411 398 407 437 444 445 451 478 509 532 573 606 642 622 596 562 493 464 450 427 408 409 418 471 494 534 549 530 482 446
198 202 207 210 216 218 223 230 237 237 238 242 247 255 257 265 272 276 266 263 269 272 264 260 243 237 232 230 219 206 208 232 240 256 278 299 325 364 356 373 390 422 427 424 367 380 410 428 444 434 372 370 383 385 347 332 336 314 306 311 323 332 338 371 370 374 390 402 398 411 419 430 442 467 488 507 565 591 605 584 583 573 507 486 465 442 421 400 400 451 477 512 526 524 518 450
210 208 215 224 229 238 241 248 252 252 252 254 263 274 274 282 290 291 285 285 292 286 279 270 251 245 242 228 212 210 222 261 270 264 270 294 329 384 395 403 414 428 412 391 349 360 377 398 404 398 373 343 349 361 349 318 301 301 312 337 346 349 365 367 389 407 413 429 422 424 444 469 477 478 506 534 587 578 554 531 520 529 483 483 460 441 430 405 379 422 448 452 466 472 490 459
219 222 233 249 253 265 266 273 272 272 269 266 278 290 290 298 314 318 314 308 307 299 284 274 257 243 234 223 217 223 234 277 296 299 298 302 318 392 423 445 446 444 422 413 334 331 343 361 363 368 356 320 312 317 316 304 290 320 355 386 393 380 401 406 425 448 440 434 436 435 453 479 509 519 529 562 608 567 523 502 476 481 453 472 476 442 408 382 364 427 443 413 403 415 443 448
236 237 253 287 307 330 328 316 305 296 294 287 293 310 322 331 348 360 359 356 340 317 296 286 263 254 240 224 230 247 260 281 293 316 336 336 338 392 429 458 475 464 436 416 335 323 314 324 328 346 339 319 287 280 283 283 291 336 346 376 402 402 407 438 469 496 484 447 448 458 473 478 499 529 552 579 613 565 503 494 474 454 425 437 457 430 395 365 357 416 450 430 381 362 382 413
261 269 261 277 304 380 403 387 352 335 348 326 334 355 374 401 423 441 441 431 392 352 326 310 273 253 237 235 247 271 290 324 314 320 335 334 350 419 438 437 448 462 440 405 345 342 328 305 307 328 308 301 278 277 298 302 305 341 351 375 408 427 448 477 502 533 516 479 478 482 488 513 510 532 566 594 570 522 479 461 466 465 422 411 412 393 357 361 383 438 468 463 416 358 329 362
261 269 261 277 304 380 403 387 352 335 348 326 334 355 374 401 423 441 441 431 392 352 326 310 273 253 237 235 247 271 290 324 314 320 335 334 350 419 438 437 448 462 440 405 345 342 328 305 307 328 308 301 278 277 298 302 305 341 351 375 408 427 448 477 502 533 516 479 478 482 488 513 510 532 566 594 570 522 479 461 466 465 422 411 412 393 357 361 361 419 430 428 425 394 350 308
289 298 286 288 318 391 428 416 386 399 408 358 393 420 434 452 487 497 466 436 403 359 332 324 282 262 241 244 261 288 313 351 343 338 320 322 346 428 426 401 419 445 440 412 368 363 339 306 289 286 281 272 267 284 323 335 328 359 368 384 420 450 471 520 543 567 543 520 518 523 512 541 554 560 594 615 519 489 462 436 425 418 408 399 389 368 344 344 361 419 430 428 425 394 350 308
320 327 309 302 327 393 430 442 433 445 433 399 437 477 491 481 460 473 464 416 379 342 315 297 267 254 243 257 277 288 314 359 343 333 311 313 336 400 383 372 403 414 399 377 357 367 362 332 306 285 261 274 300 329 354 359 352 395 401 403 431 477 510 562 581 601 582 549 547 571 560 562 593 610 624 630 520 491 460 443 432 421 378 369 363 363 359 352 331 350 378 393 368 361 353 289
366 365 356 363 364 408 436 440 430 430 423 423 437 466 469 449 419 431 437 407 363 323 296 281 260 253 255 260 274 292 323 351 326 309 299 305 335 362 346 368 406 404 367 343 317 331 328 318 292 271 264 288 311 330 358 380 385 432 454 442 447 477 526 595 612 622 600 574 565 576 601 593 612 630 638 625 547 513 490 478 451 425 392 361 337 339 348 330 322 325 348 367 347 319 310 275
393 420 435 428 422 444 447 422 393 381 378 384 393 415 422 395 386 410 385 380 350 319 294 280 278 276 288 288 288 317 341 319 319 298 284 303 339 323 336 374 390 389 368 339 287 289 283 277 267 253 277 302 322 347 356 375 400 457 493 495 487 507 547 576 591 609 614 573 542 527 578 559 560 579 589 578 538 535 529 500 465 448 404 374 345 325 319 307 305 351 353 330 308 293 279 257
430 436 430 432 433 426 440 438 415 384 357 338 342 354 369 363 349 374 343 334 345 335 317 311 307 311 323 323 320 346 348 304 289 283 273 288 307 312 346 371 355 361 378 361 285 265 259 252 248 251 271 307 328 355 384 392 406 479 529 543 541 544 540 572 605 615 598 551 508 492 541 499 503 515 523 526 492 503 519 503 493 496 438 420 394 375 344 307 290 333 319 298 280 270 257 248
413 387 377 386 388 412 442 441 420 399 376 347 327 314 327 338 325 336 310 315 345 353 356 356 325 322 322 343 348 342 345 308 293 278 265 273 281 317 344 354 327 322 333 338 301 256 242 236 238 250 266 290 309 325 359 397 437 471 487 495 514 533 523 566 604 597 560 525 493 463 490 452 454 477 473 495 475 454 458 454 468 486 467 443 418 397 367 312 281 304 289 273 261 253 249 247
403 368 342 348 362 421 420 421 437 423 412 388 344 305 300 309 299 296 298 313 327 338 362 368 322 301 304 323 320 322 336 303 292 279 263 265 280 317 338 349 333 306 287 286 281 238 228 231 240 276 274 275 282 313 350 388 415 425 425 440 465 479 481 557 593 574 529 501 476 436 453 417 427 435 430 463 500 457 419 408 419 437 448 437 393 359 320 281 273 276 269 259 250 248 247 246
372 351 323 330 366 395 381 401 432 436 426 381 352 328 301 283 284 277 286 295 318 323 326 339 335 310 293 296 303 321 326 296 279 272 267 256 268 304 323 337 325 298 273 253 251 225 228 248 275 300 312 303 288 298 333 363 364 369 391 421 428 448 482 549 573 545 506 464 452 419 421 389 393 397 414 455 508 462 420 387 372 386 400 412 369 319 287 261 267 255 251 247 244 244 244 246
372 351 323 330 366 395 381 401 432 436 426 381 352 328 301 283 284 277 286 295 318 323 326 339 335 310 293 296 303 321 326 296 279 272 267 256 268 304 323 337 325 298 273 253 251 225 228 248 275 300 312 303 288 298 333 363 364 369 391 421 428 448 482 549 573 545 506 464 452 419 421 389 393 397 414 455 508 462 420 387 372 386 400 412 369 319 287 261 267 255 251 247 244 244 244 246
343 322 308 323 361 359 362 389 400 415 396 356 355 336 308 282 269 267 280 301 328 332 309 304 336 316 287 284 307 330 327 275 271 260 252 250 261 291 322 336 319 298 284 254 226 223 238 262 289 331 359 335 318 306 304 321 325 350 381 389 404 440 459 521 542 515 485 447 416 383 386 366 368 393 426 463 500 479 441 400 363 354 384 406 357 310 281 257 250 242 241 241 242 243 243 246
311 299 295 326 359 330 341 352 362 392 383 329 321 311 300 286 270 259 269 289 324 343 318 293 312 317 294 272 292 322 335 283 260 253 242 249 270 308 335 350 345 319 286 240 225 241 271 301 317 342 395 398 371 352 331 318 324 357 362 367 380 408 424 483 513 501 474 452 409 385 351 347 358 378 406 441 452 443 435 408 370 330 340 391 355 317 281 254 243 239 239 239 242 242 242 245
305 289 293 321 333 309 322 342 363 391 388 328 307 296 287 284 282 269 264 288 320 349 335 307 276 298 298 269 282 312 327 277 257 244 235 242 266 323 331 326 331 311 266 224 232 241 273 306 336 353 379 397 402 383 353 344 359 367 388 404 403 408 434 482 524 535 504 483 434 400 349 327 337 363 394 423 403 388 388 383 354 315 307 365 342 298 266 243 237 238 239 240 241 241 241 244
294 281 282 301 296 309 326 341 361 388 384 329 326 323 319 314 299 279 257 288 317 326 309 297 261 282 298 270 258 286 289 285 266 245 231 235 255 311 327 304 286 279 256 224 224 236 245 265 285 299 325 346 377 404 399 378 391 386 392 429 456 446 450 507 531 513 479 433 416 407 355 328 320 336 359 382 392 362 348 336 321 297 296 318 312 276 253 238 235 237 238 237 240 243 242 246
301 277 268 277 289 300 320 340 353 379 389 337 315 307 302 304 292 273 249 272 285 299 295 276 253 261 284 275 249 253 258 283 279 261 246 229 244 298 323 324 297 262 239 223 224 255 267 263 266 277 297 325 361 398 415 416 418 416 430 449 470 473 483 530 516 471 420 381 384 391 367 349 320 307 319 337 371 375 363 333 299 281 273 265 274 255 238 234 234 237 237 238 239 240 241 246
307 277 262 284 319 310 310 330 352 387 413 356 328 303 281 273 268 257 245 250 260 274 292 280 241 248 275 276 256 236 244 290 295 269 248 228 235 293 311 321 290 254 231 220 224 259 289 306 300 310 308 314 333 362 383 405 407 391 410 423 440 457 473 509 473 437 394 354 340 355 355 363 340 310 299 310 344 379 385 356 325 313 307 258 244 235 233 233 234 236 236 238 239 239 240 248
274 262 262 295 320 334 322 339 362 392 399 345 315 307 296 290 278 265 255 242 236 244 263 267 232 241 266 266 251 228 232 279 298 285 265 237 226 264 298 305 264 219 206 207 222 243 269 306 323 342 338 345 340 352 381 393 371 343 352 371 392 408 431 465 440 403 373 339 315 318 327 354 331 306 289 290 351 371 346 331 326 314 291 246 233 230 231 232 233 234 233 236 237 239 240 251
274 262 262 295 320 334 322 339 362 392 399 345 315 307 296 290 278 265 255 242 236 244 263 267 232 241 266 266 251 228 232 279 298 285 265 237 226 264 298 305 264 219 206 207 222 243 269 306 323 342 338 345 340 352 381 393 371 343 352 371 392 408 431 465 441 389 352 333 315 297 306 315 293 272 277 286 356 353 319 290 273 263 249 229 230 230 231 232 231 233 234 233 236 240 241 244
254 258 270 292 316 356 348 354 367 391 398 357 353 346 337 323 298 294 293 276 257 244 235 234 225 227 236 235 228 218 233 292 308 297 283 245 220 252 288 298 251 200 196 205 249 253 259 281 309 346 339 327 336 363 377 368 329 318 315 333 352 386 425 472 441 389 352 333 315 297 306 315 293 272 277 286 356 353 319 290 273 263 249 229 230 230 231 232 231 233 234 233 236 240 241 244
257 268 283 302 324 382 377 376 376 382 405 375 360 352 343 337 322 314 295 284 260 244 235 239 251 246 233 224 209 212 238 303 301 285 292 271 231 240 286 288 244 199 199 225 281 282 272 301 329 352 322 291 297 319 327 314 289 286 293 324 355 391 422 443 431 406 376 342 316 300 276 277 268 263 283 310 349 331 294 273 259 240 228 227 229 229 230 231 231 232 232 234 238 240 240 243
269 282 302 332 364 377 367 358 341 352 386 362 332 315 305 297 289 281 263 255 248 255 265 267 262 247 238 228 207 212 235 283 276 271 288 275 237 229 267 271 220 193 198 226 277 263 252 270 294 304 279 253 253 266 266 263 250 264 292 311 323 354 373 386 395 369 357 346 328 309 272 262 254 260 268 287 310 301 277 246 230 224 224 226 226 228 229 229 229 233 237 237 237 238 240 243
297 303 320 357 379 342 334 325 314 331 357 378 343 338 329 299 274 263 258 266 272 290 278 254 235 228 221 212 206 205 217 265 263 260 288 276 237 211 240 245 202 192 204 221 232 212 207 215 217 225 214 220 219 221 226 227 233 249 266 272 290 308 315 349 368 359 337 320 308 297 289 272 252 246 240 256 263 251 236 224 222 224 224 226 226 228 227 228 229 232 236 235 235 237 240 244
302 319 342 362 361 307 302 294 309 342 361 374 361 339 318 292 279 277 281 299 293 278 260 244 245 236 227 222 217 214 206 244 260 240 258 267 241 198 217 225 199 186 194 195 188 185 183 185 190 185 189 196 203 207 210 215 223 230 240 248 262 273 287 352 375 388 359 337 327 335 332 303 283 272 240 237 229 221 220 220 222 225 223 226 226 227 228 228 228 233 234 234 234 237 240 245
276 309 342 353 334 274 274 287 306 321 337 359 348 322 304 295 299 303 293 299 280 262 258 258 261 259 262 250 233 232 223 211 239 233 227 252 240 193 196 206 193 181 181 183 181 183 184 183 181 183 185 185 196 198 202 208 214 224 229 242 257 272 282 344 380 404 383 372 380 382 357 335 312 288 260 232 218 219 220 220 221 224 224 224 224 226 227 228 230 230 231 232 238 249 248 244
289 311 337 327 291 252 272 302 317 332 349 370 351 338 324 323 318 305 302 293 272 272 284 271 283 293 283 255 241 255 245 199 206 208 209 239 251 199 190 191 180 178 180 179 180 182 183 182 182 183 186 186 190 192 200 206 209 217 222 232 246 261 279 328 347 360 369 388 385 354 317 313 283 257 240 220 217 219 219 219 220 221 222 222 224 226 228 229 227 230 231 237 245 246 243 240
