DEMApp/bin/Debug/demo01.asc
ncols         522
nrows         454
xllcorner     478667.7658097
yllcorner     4448012.8994962
cellsize      81.744993838449
NODATA_value  -9999
[rows 176 to 219 of 454, columns 192 to 287 of 522]
87 88 91 92 92 94 96 98 96 99 101 110 116 126 131 122 114 129 135 128 120 122 117 118 139 145 151 149 147 152 172 191 212 215 195 197 202 215 226 207 182 166 144 128 122 116 118 123 121 128 121 130 135 149 163 182 253 259 244 230 201 200 237 224 216 210 214 217 215 212 212 213 211 211 211 188 165 130 120 118 126 140 151 142 152 165 175 173 138 134 132 133 135 137 139 147
87 86 90 91 93 92 95 99 99 99 100 109 116 127 127 115 110 132 130 123 120 116 113 122 139 143 145 151 161 173 193 202 215 220 213 216 232 232 241 213 189 158 139 142 150 158 161 180 183 144 131 138 148 160 172 201 278 276 258 230 206 214 227 209 200 201 212 215 215 216 212 211 211 211 214 194 165 141 127 119 119 127 138 150 164 157 159 157 138 130 127 128 130 132 135 140
86 87 88 91 93 91 94 97 103 104 106 120 125 122 119 108 109 129 125 114 116 112 113 121 129 133 143 155 154 171 204 211 218 223 229 249 264 267 270 243 207 171 149 164 176 192 195 211 193 157 154 159 164 165 177 209 280 281 259 228 220 241 228 207 193 194 210 215 217 218 215 210 213 215 217 203 175 156 135 122 120 123 146 150 149 139 135 135 128 128 128 129 128 128 132 132
86 87 88 91 93 91 94 97 103 104 106 120 125 122 119 108 109 129 125 114 116 112 113 121 129 133 143 155 154 171 204 211 218 223 229 249 264 267 270 243 207 171 149 164 176 192 195 211 193 157 154 159 164 165 177 209 280 281 259 228 220 241 228 207 193 194 210 215 217 218 215 210 213 215 217 203 175 156 135 122 120 123 146 150 149 139 135 135 128 128 128 129 128 128 132 132
86 86 89 91 94 95 96 97 98 101 107 124 128 120 111 106 112 124 119 114 110 106 112 116 123 133 148 150 146 158 184 195 209 212 214 235 261 272 248 234 219 191 169 188 204 221 227 232 209 176 188 201 196 188 207 221 271 286 266 251 249 251 228 215 210 217 218 216 217 215 214 211 212 213 214 209 189 188 156 131 130 123 129 124 125 124 125 126 129 133 136 137 142 141 134 135
87 85 85 88 94 93 94 97 98 100 108 114 118 113 106 103 112 125 119 111 107 107 116 121 135 143 148 140 145 157 184 198 198 187 197 223 255 244 222 206 213 214 209 226 243 262 272 266 240 198 213 229 218 212 226 245 279 297 296 282 273 271 248 234 222 218 216 213 214 212 207 205 205 208 208 210 203 201 167 157 159 158 133 125 124 125 132 141 155 158 149 148 163 172 160 160
87 86 87 87 88 91 91 92 95 96 106 108 112 107 103 107 113 121 116 109 107 112 122 128 144 146 140 136 139 149 182 197 188 173 186 217 234 214 199 189 209 228 229 265 280 276 261 257 240 219 216 210 201 206 219 242 281 288 278 271 275 271 240 226 213 212 211 210 210 208 204 200 197 193 183 192 188 172 152 147 141 139 153 148 135 127 136 153 185 179 171 167 163 175 202 202
89 89 90 88 88 89 91 92 94 94 99 112 106 101 102 112 119 113 110 107 107 113 119 123 143 143 136 130 135 147 172 186 179 163 178 209 203 191 177 180 198 215 215 260 270 246 228 226 209 219 203 195 189 199 212 239 260 258 245 239 257 264 230 219 214 215 212 211 211 209 203 196 191 178 170 157 146 131 123 110 101 105 132 148 136 128 138 157 194 192 194 191 183 183 204 212
90 91 91 90 91 89 90 90 90 91 95 120 104 98 105 114 115 112 108 104 106 116 114 121 139 134 131 124 128 139 160 182 178 159 167 186 181 165 167 176 184 194 212 265 265 233 205 196 189 212 200 192 190 201 215 219 247 240 226 222 239 258 238 225 230 233 222 215 208 196 192 185 182 179 179 130 118 116 112 86 79 95 137 145 133 129 142 163 180 177 183 189 183 181 205 218
91 92 92 92 88 88 90 92 90 89 95 108 100 99 105 115 117 108 105 101 106 109 113 125 135 129 126 120 126 131 160 180 177 155 151 154 159 165 178 191 202 207 219 243 246 228 199 186 187 195 190 189 188 199 210 203 221 212 209 210 230 239 209 210 229 245 234 222 215 190 178 176 178 179 179 118 106 110 101 81 79 96 151 157 143 132 137 152 160 164 171 174 177 188 205 206
92 92 90 89 89 89 90 88 90 90 94 96 95 98 105 116 124 107 102 104 108 113 118 127 128 123 120 116 120 130 148 163 167 148 140 134 145 178 197 210 210 206 204 217 223 215 196 182 178 192 186 187 189 194 193 202 204 197 194 204 223 227 190 203 223 242 239 224 213 200 189 179 181 186 186 125 109 107 100 92 92 99 156 180 161 138 134 138 162 165 171 178 186 189 191 191
92 92 91 92 89 88 90 88 90 90 94 96 95 98 105 116 124 107 102 104 108 113 118 127 128 123 120 116 120 130 148 163 167 148 140 134 145 178 197 210 210 206 204 217 223 215 196 182 178 192 186 187 189 194 193 202 204 197 194 204 223 227 190 203 223 242 239 224 213 200 189 179 181 186 186 125 109 107 100 92 92 99 156 180 161 138 134 138 162 165 171 178 186 189 191 191
92 92 91 92 89 88 89 89 91 93 92 93 96 98 101 103 114 102 101 107 111 120 126 134 136 125 113 114 121 128 139 155 165 147 133 133 146 183 208 210 198 194 191 193 197 198 183 170 166 180 183 190 193 201 218 224 190 188 186 193 205 202 183 192 211 231 222 207 200 192 182 182 190 196 193 165 132 116 103 100 102 116 184 199 182 153 144 136 154 160 168 169 174 183 183 184
94 95 94 90 90 91 89 92 93 94 93 92 94 96 98 99 101 100 102 107 114 116 125 131 127 121 111 113 119 124 137 154 166 148 130 129 138 172 193 195 185 169 168 177 191 189 172 160 151 167 179 184 194 205 222 214 182 180 181 185 190 184 181 193 210 213 202 190 183 189 198 199 203 210 213 210 189 151 129 132 149 189 215 216 195 170 163 140 143 148 158 173 181 179 166 168
93 93 92 93 93 93 89 89 91 90 91 93 96 97 98 98 97 99 99 103 110 112 123 128 116 115 109 114 121 125 141 154 153 135 128 126 132 161 178 185 173 160 160 188 195 179 162 152 144 163 170 171 180 187 205 197 185 181 178 177 178 178 179 188 201 193 181 176 173 194 201 203 206 206 209 220 211 204 193 200 215 240 224 220 218 205 188 157 141 150 162 165 165 162 167 183
94 92 92 95 96 97 97 95 92 92 91 93 94 96 96 97 97 98 99 101 103 107 114 121 116 112 109 114 117 117 140 145 135 126 129 131 130 151 159 166 160 159 169 195 187 169 159 146 141 153 157 157 160 176 190 178 174 178 176 175 175 177 175 173 180 177 166 166 181 204 204 204 205 207 207 208 205 198 196 207 226 248 225 223 223 212 193 175 143 147 151 150 152 161 192 198
95 94 94 94 97 95 96 98 97 99 97 92 93 94 95 96 97 97 99 99 101 104 109 114 111 106 106 111 113 121 136 129 124 124 128 131 130 143 146 147 148 155 162 191 195 178 162 145 138 147 147 149 155 170 179 164 159 162 170 174 174 174 167 157 157 159 162 178 198 206 205 204 206 207 208 193 184 181 184 202 216 226 224 225 229 217 183 169 141 141 143 148 162 177 205 215
98 97 96 99 98 97 96 101 101 99 99 99 99 95 95 98 99 96 98 99 100 101 104 109 107 103 104 111 119 129 132 124 120 125 133 134 129 133 138 136 139 145 154 185 189 177 161 147 137 141 143 146 151 156 165 154 149 152 165 175 173 166 159 152 147 155 172 186 192 192 200 201 201 202 203 178 172 169 180 197 209 219 223 228 228 212 170 151 145 149 145 146 154 164 179 187
97 97 100 102 100 100 100 102 103 102 100 100 100 98 97 96 95 96 96 97 98 98 100 102 102 103 105 110 114 116 123 117 119 124 130 130 123 127 129 129 133 140 142 164 165 166 163 152 138 136 137 141 143 145 158 150 145 151 163 171 170 155 151 146 147 158 170 173 175 177 184 176 177 184 187 170 164 164 176 193 206 212 215 212 202 183 164 167 155 162 157 151 149 149 158 164
97 98 99 104 103 104 104 104 104 102 100 101 100 99 96 96 96 95 95 95 95 97 97 98 100 101 104 108 111 112 113 116 121 122 121 119 118 126 127 124 128 132 139 151 148 147 145 142 138 133 133 133 133 140 148 142 144 150 150 154 157 150 140 139 141 147 149 154 155 166 166 153 155 163 171 161 159 163 175 191 209 212 208 195 177 189 185 185 161 174 183 183 175 166 162 159
97 98 99 104 103 104 104 104 104 102 100 101 100 99 96 96 96 95 95 95 95 97 97 98 100 101 104 108 111 112 113 116 121 122 121 119 118 126 127 124 128 132 139 151 148 147 145 142 138 133 133 133 133 140 148 142 144 150 150 154 157 150 140 139 141 147 149 154 155 166 166 153 155 163 171 161 159 163 175 191 209 212 208 195 177 189 185 185 161 174 183 183 175 166 162 159
98 101 103 104 104 105 105 106 105 105 105 101 99 98 99 97 96 93 98 98 98 96 98 100 101 101 104 106 109 114 115 118 120 116 114 113 118 124 124 122 124 132 135 139 136 134 135 139 134 130 129 129 129 133 138 137 145 146 142 147 149 150 137 135 138 138 140 144 146 152 152 147 148 151 157 154 160 172 190 203 217 219 219 200 187 207 205 191 173 197 217 217 203 189 178 170
100 99 101 103 106 108 106 106 108 111 108 104 102 100 103 99 99 100 102 99 99 97 99 97 101 102 103 105 112 115 114 116 117 114 112 112 113 118 121 118 118 124 127 127 125 125 126 130 130 128 127 123 125 129 130 133 138 138 133 136 139 142 140 133 134 134 136 142 142 141 140 142 147 147 149 156 167 189 207 210 198 206 226 206 199 213 212 188 190 206 222 232 224 206 182 179
106 101 102 104 108 110 109 108 107 111 114 108 103 102 103 103 103 104 102 99 100 96 99 99 98 101 103 104 106 108 110 111 113 111 110 111 109 118 120 116 113 117 122 124 122 120 121 123 125 129 125 124 128 131 132 133 134 133 130 127 130 135 134 132 130 131 132 138 140 140 139 141 144 147 149 160 173 179 185 176 174 181 209 209 208 225 227 211 223 232 222 212 210 207 186 174
106 103 104 105 107 110 113 112 112 109 113 115 109 105 107 110 107 106 102 101 102 99 98 99 101 100 102 104 105 105 107 109 109 109 107 108 108 114 115 116 115 114 115 117 120 119 120 122 125 126 124 123 128 131 131 128 127 126 126 125 128 131 133 132 130 131 133 138 140 149 155 155 152 150 155 151 158 165 167 162 163 169 188 188 198 221 231 232 249 242 220 207 200 194 180 172
109 107 104 103 106 109 113 115 113 112 114 113 113 109 109 111 109 106 102 106 106 104 102 101 102 103 102 103 103 103 106 104 103 105 103 107 109 110 112 112 112 112 112 115 118 120 122 123 124 120 120 121 126 125 127 128 125 123 120 123 128 127 135 131 133 132 134 140 151 160 167 164 162 163 155 145 148 159 158 149 156 167 177 175 188 197 216 229 233 242 239 221 209 204 183 175
114 113 109 111 111 113 114 116 115 115 117 120 118 113 111 115 114 107 104 111 106 101 100 104 104 105 104 103 103 102 105 105 101 99 98 103 106 108 107 109 111 113 113 116 117 117 121 121 122 119 118 120 125 122 124 123 121 119 119 121 125 124 126 128 133 135 138 145 157 153 147 148 155 163 157 140 146 151 145 146 155 162 163 169 183 191 204 204 209 215 221 215 199 187 176 176
125 119 118 118 114 114 117 119 119 118 120 119 118 117 116 118 119 112 110 113 109 104 102 102 107 107 106 105 106 105 104 102 102 102 106 104 105 105 106 107 110 112 114 114 116 116 119 120 119 117 117 119 121 120 121 119 119 120 121 122 123 124 124 132 131 133 141 154 163 147 140 143 153 159 157 139 140 140 141 150 160 157 153 168 185 185 184 179 204 192 201 205 191 175 175 191
134 132 130 126 122 122 122 123 122 122 120 121 119 121 122 121 118 113 113 116 117 115 113 107 107 108 108 107 107 104 100 101 101 104 104 104 104 102 104 105 108 110 110 108 110 112 116 117 116 115 116 117 119 120 121 121 119 121 121 122 121 123 121 129 131 131 140 148 155 143 136 139 148 146 144 135 137 138 148 157 158 150 152 162 172 169 164 176 194 182 178 181 176 170 171 183
134 132 130 126 122 122 122 123 122 122 120 121 119 121 122 121 118 113 113 116 117 115 113 107 107 108 108 107 107 104 100 101 101 104 104 104 104 102 104 105 108 110 110 108 110 112 116 117 116 115 116 117 119 120 121 121 119 121 121 122 121 123 121 129 131 131 140 148 155 143 136 139 148 146 144 135 137 138 148 157 158 150 152 162 172 169 164 176 194 182 178 181 176 170 171 183
147 147 140 139 129 128 129 127 127 125 126 122 121 125 124 121 120 115 119 121 119 115 112 110 108 109 108 107 108 106 102 104 103 105 103 104 106 107 106 106 105 106 105 109 109 109 110 110 109 112 112 114 116 117 119 118 118 118 120 122 123 124 121 124 128 131 135 140 151 141 137 137 142 140 135 134 139 144 155 158 150 148 152 162 162 157 165 176 183 178 166 171 175 169 157 165
165 163 159 152 138 134 136 133 135 135 129 124 126 127 127 124 120 116 123 124 120 115 112 111 108 110 110 111 109 109 107 105 104 107 106 102 104 105 106 105 104 106 108 109 108 110 111 110 109 110 111 112 114 116 117 118 119 119 118 118 119 121 122 123 124 128 130 137 148 143 139 137 137 133 130 133 142 152 157 151 146 144 154 159 153 153 160 160 167 161 161 177 187 183 154 155
194 184 176 169 151 144 142 137 138 138 133 131 132 131 125 123 117 121 126 126 120 114 113 113 115 113 114 111 108 108 106 105 105 105 106 105 105 107 105 104 106 107 108 108 107 109 112 112 111 111 115 116 113 116 116 117 118 120 119 120 119 119 120 123 124 125 128 133 138 135 136 136 131 129 129 138 145 150 148 143 142 140 151 151 147 149 151 151 154 157 168 174 176 168 152 159
231 220 210 202 168 156 150 145 144 138 135 135 131 128 123 121 118 126 127 124 119 116 117 117 118 115 111 111 110 109 108 105 105 104 105 108 112 108 106 105 107 107 111 107 110 111 110 110 108 111 114 114 114 116 116 115 114 118 120 119 120 121 122 122 123 125 126 129 130 131 132 132 131 129 131 134 137 138 140 140 139 140 142 143 142 143 144 149 151 158 158 154 153 154 147 156
293 290 262 237 199 177 160 155 155 149 141 134 131 125 127 127 127 128 123 121 119 118 121 123 118 115 112 111 113 112 109 106 107 107 106 107 109 109 108 106 110 110 110 105 109 111 110 110 110 112 112 115 119 116 113 112 115 118 119 119 120 121 123 122 123 123 124 126 127 129 129 126 128 128 129 131 133 136 136 136 136 133 137 136 137 138 141 144 149 150 147 148 149 148 147 151
341 318 268 244 202 183 175 178 174 161 146 136 133 129 129 131 130 124 123 125 127 128 125 123 117 116 119 119 116 109 111 114 113 111 110 109 108 109 112 113 113 111 109 107 110 111 111 109 110 113 111 111 112 114 115 113 114 115 116 118 120 118 123 124 124 124 126 127 128 127 125 126 128 129 127 131 133 135 137 136 134 131 134 135 137 139 142 143 144 143 144 146 146 146 143 147
332 310 280 266 210 209 208 195 176 156 145 137 147 159 144 134 128 124 125 128 130 131 130 129 124 126 123 120 116 113 115 116 113 111 109 110 110 112 112 112 112 113 112 109 111 110 112 112 113 113 112 113 115 116 116 115 116 115 117 118 119 118 122 124 125 126 126 126 126 126 125 129 129 132 131 133 134 134 135 135 134 135 133 135 137 139 140 141 139 140 141 141 142 143 144 143
332 310 280 266 210 209 208 195 176 156 145 137 147 159 144 134 128 124 125 128 130 131 130 129 124 126 123 120 116 113 115 116 113 111 109 110 110 112 112 112 112 113 112 109 111 110 112 112 113 113 112 113 115 116 116 115 116 115 117 118 119 118 122 124 125 126 126 126 126 126 125 129 129 132 131 133 134 134 135 135 134 135 133 135 137 139 140 141 139 140 141 141 142 143 144 143
337 309 278 258 217 205 184 171 159 151 151 148 170 181 178 162 150 130 132 133 137 137 134 132 127 127 123 118 115 116 114 118 116 117 116 114 115 114 115 116 114 114 114 115 113 113 114 116 116 114 114 116 117 117 117 117 115 117 118 118 120 118 118 122 124 125 125 126 125 126 127 128 128 130 131 132 133 134 135 134 135 135 134 135 136 136 138 138 138 138 139 139 142 139 143 142
362 320 273 241 203 182 169 168 166 160 152 157 166 165 165 160 154 145 151 149 148 144 137 134 129 129 128 123 124 123 117 119 120 122 121 118 120 123 119 115 115 115 116 117 116 117 115 116 117 117 118 118 117 118 118 118 117 117 117 118 118 118 118 122 122 121 125 128 125 125 125 127 126 129 131 132 131 133 134 132 133 132 134 133 133 134 135 138 139 138 138 138 138 139 142 142
349 330 303 277 215 189 193 205 198 177 159 153 155 158 161 153 149 178 178 179 162 160 154 146 134 131 129 125 128 125 123 127 129 129 127 126 125 129 127 122 121 119 117 119 120 121 119 119 117 118 119 121 121 119 119 119 119 117 120 120 120 118 119 120 120 122 123 124 124 125 125 125 125 127 128 130 130 132 133 131 131 132 130 130 131 136 134 137 140 140 137 138 139 140 143 142
320 298 284 269 216 211 241 254 233 209 181 168 175 176 164 160 170 207 207 186 181 193 179 159 143 142 137 129 131 128 128 131 137 138 134 136 137 139 135 129 126 123 122 121 123 124 119 118 120 116 120 121 121 122 123 122 122 121 121 124 126 125 123 120 121 122 122 124 125 126 126 125 125 125 126 126 127 129 130 129 129 131 135 136 135 136 136 138 137 141 140 140 142 143 145 146
340 300 283 271 247 254 270 277 247 223 206 196 202 192 167 180 208 238 219 192 198 194 175 156 150 146 139 134 138 139 135 139 147 149 150 155 151 150 148 144 139 132 133 137 134 128 124 125 125 115 118 122 121 122 125 125 127 129 125 127 128 130 133 133 127 125 126 124 125 128 127 126 125 125 127 127 126 128 131 129 132 134 137 140 137 134 134 139 138 143 146 147 148 148 146 148
345 330 309 298 285 282 271 262 235 203 186 184 181 171 165 173 201 236 238 217 221 209 179 171 156 151 152 146 148 158 149 152 160 169 185 205 183 179 187 188 180 163 154 144 142 138 132 127 125 120 120 123 122 121 123 125 130 133 133 131 132 134 139 141 140 136 135 138 135 130 130 131 129 127 129 128 128 131 131 132 133 134 140 142 142 139 138 142 143 145 145 147 151 153 150 152
