DEMApp/bin/Debug/demo01.asc
ncols         522
nrows         454
xllcorner     478667.7658097
yllcorner     4448012.8994962
cellsize      81.744993838449
NODATA_value  -9999
[rows 396 to 439 of 454, columns 288 to 383 of 522]
57 59 59 58 59 63 64 65 71 75 73 76 95 103 115 106 97 101 126 151 151 149 154 167 179 198 201 205 220 225 229 236 237 253 253 235 248 264 239 220 211 180 155 138 119 97 97 100 104 112 126 154 145 132 120 111 109 118 132 132 133 145 156 175 238 287 329 345 355 371 388 338 290 257 233 218 224 225 255 273 258 236 226 216 195 186 170 150 133 126 130 123 120 132 143 150
57 55 55 56 58 75 77 73 76 77 85 93 104 103 102 93 76 79 121 141 140 134 144 162 162 167 160 167 177 179 194 196 206 217 219 196 197 225 250 232 204 183 164 138 114 97 94 96 106 131 148 133 116 105 99 100 104 112 123 131 139 142 153 173 221 256 287 319 353 368 378 316 286 259 231 210 205 208 228 233 234 213 195 205 222 196 171 156 140 123 118 116 118 132 141 147
56 55 58 72 91 116 112 93 83 89 101 106 82 79 78 77 69 73 97 107 101 97 116 142 134 120 116 121 133 150 172 156 167 187 192 163 166 195 225 205 173 153 134 126 112 95 90 92 103 122 130 108 96 93 99 105 109 118 133 142 148 154 164 175 195 218 248 284 320 341 353 363 334 289 248 215 194 189 196 192 204 201 173 178 208 189 164 152 137 127 113 112 119 129 136 146
56 57 76 119 128 114 105 89 76 75 85 92 68 65 65 65 62 65 75 79 77 86 104 116 119 91 92 110 125 139 154 133 136 167 169 140 139 159 197 196 162 130 113 109 109 94 90 92 93 103 105 94 90 90 99 106 116 126 151 161 165 167 184 203 215 228 248 273 302 327 340 374 336 294 255 236 213 173 165 160 169 179 162 158 168 164 147 135 131 124 110 110 117 127 138 154
55 62 92 105 100 101 88 73 64 67 72 69 65 61 58 58 59 61 65 66 70 75 80 89 95 80 89 115 120 113 124 124 114 138 135 114 126 145 170 188 179 147 123 105 95 85 86 89 88 90 92 90 87 95 103 114 123 138 175 194 194 189 199 220 271 279 287 302 326 343 353 368 338 301 279 250 222 176 164 152 150 162 146 138 135 133 124 120 119 115 108 116 140 144 142 153
53 58 70 78 80 92 76 64 60 62 59 58 58 57 55 56 58 58 59 59 61 65 71 77 73 74 85 91 87 88 98 105 93 110 106 97 111 114 151 182 198 169 140 114 95 81 83 85 83 85 89 84 82 91 104 116 131 153 220 244 243 242 247 269 313 325 322 314 323 347 371 376 334 292 250 218 201 163 152 146 139 143 134 124 117 117 113 111 111 106 108 136 165 161 155 165
53 58 70 78 80 92 76 64 60 62 59 58 58 57 55 56 58 58 59 57 56 60 62 61 60 69 79 70 69 75 77 84 83 90 86 87 92 100 150 184 195 163 130 111 95 80 78 80 81 83 84 81 84 91 98 111 134 167 218 247 271 284 294 300 332 346 341 330 332 362 377 342 305 270 238 205 183 155 145 137 131 128 126 120 114 110 106 107 105 101 120 150 173 166 177 212
68 70 69 74 83 81 68 60 56 57 56 54 54 55 54 53 54 56 56 57 56 60 62 61 60 69 79 70 69 75 77 84 83 90 86 87 92 100 150 184 195 163 130 111 95 80 78 80 81 83 84 81 84 91 98 111 134 167 218 247 271 284 294 300 332 346 341 330 332 362 377 342 305 270 238 205 183 155 145 137 131 128 126 120 114 110 106 107 105 101 120 150 173 166 177 212
61 61 63 64 70 64 60 56 55 55 55 52 51 52 52 51 50 50 52 53 54 55 56 59 60 61 63 63 62 62 63 70 72 77 77 76 84 96 145 184 193 156 128 113 97 83 77 74 78 80 86 81 84 93 100 107 120 138 182 209 242 256 265 271 321 353 362 350 346 365 362 299 260 228 206 183 167 150 142 139 139 139 142 141 135 136 122 106 100 101 124 140 145 144 158 181
56 56 56 55 56 56 58 54 54 54 55 51 51 51 52 50 50 50 49 50 50 51 54 54 56 56 58 58 58 59 63 66 67 72 73 72 78 92 149 173 171 164 152 144 123 83 75 72 75 78 79 81 87 93 100 108 121 133 152 179 207 220 233 250 307 335 354 367 361 367 363 281 234 208 200 184 173 155 157 160 160 172 175 162 175 161 135 111 100 98 116 120 125 133 157 182
55 54 54 55 54 55 55 54 53 53 54 51 49 49 49 50 50 49 47 50 47 48 51 52 52 52 51 52 55 59 60 62 64 66 66 69 71 81 114 128 124 132 147 145 138 88 75 71 73 75 75 80 89 96 100 102 107 113 140 172 198 215 237 252 291 303 318 326 323 338 359 280 247 231 232 205 197 169 175 186 198 212 212 202 207 174 142 106 93 93 110 128 147 141 156 181
55 53 54 55 54 52 52 52 53 52 52 52 49 49 48 48 48 47 47 49 46 47 47 47 48 50 50 50 53 54 57 56 61 63 63 66 68 70 84 95 91 94 100 99 105 77 71 69 69 71 74 86 95 91 91 93 99 109 136 158 172 187 208 231 260 264 266 273 284 316 349 314 292 274 256 233 227 186 204 229 235 222 208 205 186 169 143 105 91 93 113 140 163 164 177 200
53 52 51 53 54 46 50 51 53 52 50 53 50 51 50 49 47 48 48 48 48 46 46 47 45 46 48 49 49 50 53 56 60 59 62 64 66 66 68 72 76 73 74 73 77 70 66 67 70 72 73 81 82 86 89 96 110 130 161 174 186 199 225 238 217 212 216 243 283 328 366 360 353 341 316 278 231 213 246 250 215 188 166 163 141 131 120 102 94 93 120 150 160 156 179 201
53 52 52 53 54 50 52 53 53 50 50 52 50 48 48 48 46 47 45 47 47 46 45 45 44 46 48 48 48 49 49 53 55 55 58 59 63 63 62 63 67 69 66 69 69 67 63 66 68 71 74 81 85 90 97 104 116 136 173 195 198 191 194 201 176 191 233 254 272 296 325 376 387 367 324 274 246 263 266 244 208 186 164 140 117 110 101 92 90 87 96 130 131 134 153 171
50 50 50 52 52 52 53 53 52 51 53 51 50 45 47 46 44 45 45 46 46 46 45 45 45 46 46 47 46 47 49 49 54 54 55 56 56 59 57 58 65 65 61 64 65 62 63 67 69 73 76 83 93 101 104 96 99 107 144 161 153 147 154 153 167 197 211 214 229 256 287 339 364 363 338 317 295 256 234 219 198 183 169 155 126 109 94 88 86 85 95 116 119 135 148 158
50 50 50 52 52 52 53 53 52 51 53 51 50 45 47 46 44 45 45 46 46 46 45 45 45 46 46 47 46 47 49 49 54 54 55 56 56 59 57 58 65 65 61 64 65 62 63 67 69 73 76 83 93 101 104 96 99 107 144 161 153 147 154 153 167 197 211 214 229 256 287 339 364 363 338 317 295 256 234 219 198 170 153 136 122 112 97 90 90 87 90 110 105 110 119 128
48 49 49 49 50 50 52 51 51 50 52 51 52 48 47 47 48 47 46 47 47 45 44 45 44 44 45 46 46 46 47 48 50 51 53 55 56 57 59 59 60 61 60 62 61 60 64 69 71 72 73 85 95 97 92 87 89 93 111 119 114 117 123 132 176 179 178 197 230 262 288 330 358 376 370 346 312 248 226 207 185 170 153 136 122 112 97 90 90 87 90 110 105 110 119 128
48 48 49 48 48 51 51 52 52 50 50 49 52 51 48 47 47 48 48 46 47 45 44 43 43 42 44 45 44 45 47 48 50 51 52 53 55 56 58 60 59 61 58 59 59 64 63 65 68 70 71 78 79 82 86 87 89 89 97 101 106 115 130 140 152 150 173 202 240 270 276 304 334 376 384 339 298 240 215 195 180 165 150 134 113 104 100 93 89 86 83 98 99 102 106 121
49 48 48 49 50 48 49 51 51 51 49 47 50 51 48 48 47 48 47 46 46 44 43 45 42 44 45 45 45 46 45 47 50 51 52 54 54 55 58 58 59 60 58 58 62 62 63 62 66 67 70 74 78 83 86 87 90 94 95 100 104 108 119 125 140 157 175 185 209 230 251 321 348 383 388 332 305 250 219 197 187 180 171 155 133 117 110 98 88 85 83 90 96 101 111 122
46 48 48 47 47 49 50 53 51 51 51 50 47 48 50 49 47 47 48 46 46 44 44 45 43 45 45 46 45 46 45 47 48 50 51 53 53 55 57 56 56 54 57 60 61 60 62 62 65 68 69 74 78 81 84 83 86 96 100 105 108 105 111 120 137 162 195 215 228 247 272 343 368 366 356 297 279 270 251 239 230 220 199 176 155 142 123 104 91 86 82 87 90 98 105 107
46 47 47 47 47 47 51 51 49 50 50 51 46 47 49 48 48 48 48 46 44 42 42 42 43 43 43 44 45 46 44 45 48 50 51 52 52 53 56 56 56 55 56 59 59 57 59 60 62 67 70 74 77 77 79 80 85 95 111 119 135 125 123 130 148 146 170 190 203 220 246 326 346 326 311 281 243 240 239 232 222 201 178 149 128 124 115 99 89 84 82 85 87 90 95 101
46 47 47 46 47 46 49 48 46 47 48 47 45 46 47 50 49 46 46 46 46 44 42 41 41 43 42 43 46 46 44 45 47 48 51 51 51 51 54 55 54 53 56 56 54 59 59 61 61 64 67 74 76 75 77 87 98 113 132 146 154 147 139 152 173 156 155 173 203 239 279 343 339 298 285 274 241 197 188 183 183 178 164 147 111 103 102 97 85 81 80 82 86 90 94 99
47 45 45 46 46 45 49 47 44 44 45 45 44 45 46 46 48 46 47 46 45 43 43 44 43 46 44 42 43 45 45 46 49 48 51 50 50 52 53 52 52 52 55 54 53 59 58 61 63 64 66 71 73 72 77 99 118 130 159 187 200 184 166 177 197 175 175 176 199 238 278 328 321 295 257 250 247 195 171 153 146 143 156 171 137 118 103 95 87 80 79 80 84 88 93 99
47 46 44 43 43 45 47 48 44 43 42 43 43 42 44 45 45 45 46 45 44 44 43 43 43 41 42 43 43 43 44 47 50 50 50 50 51 53 51 50 50 52 55 53 53 59 60 60 62 64 64 67 70 70 70 86 98 105 138 166 188 207 212 223 227 206 207 213 224 256 286 280 285 283 256 225 214 208 184 157 136 123 138 175 172 153 128 109 94 83 77 77 83 88 88 91
47 46 44 43 43 45 47 48 44 43 42 43 43 42 44 45 45 45 46 45 44 44 43 43 43 41 42 43 43 43 44 47 50 50 50 50 51 53 51 50 50 52 55 53 53 59 60 60 62 64 64 67 70 70 70 86 98 105 138 166 188 207 212 223 227 206 207 213 224 256 286 280 285 283 256 225 214 220 184 157 136 123 138 175 172 153 128 109 94 83 77 77 83 88 88 91
47 46 45 44 43 44 44 45 44 45 43 42 40 42 43 45 46 45 45 46 45 44 43 43 42 41 41 43 43 43 45 46 47 49 49 49 50 53 51 52 51 52 54 52 55 57 57 60 63 63 64 65 67 66 64 72 77 84 106 124 148 180 222 257 271 260 251 265 274 283 293 239 243 264 264 226 192 177 161 157 142 124 119 141 152 144 127 99 84 81 75 77 83 86 86 88
45 44 44 43 44 41 41 43 43 44 43 43 41 41 41 45 47 46 44 45 50 45 42 41 39 42 41 43 43 42 43 45 48 48 48 48 48 51 50 50 50 51 50 52 53 55 58 61 61 62 62 62 60 61 64 68 73 81 112 143 171 199 227 257 260 253 251 266 291 283 268 225 219 246 243 237 225 196 154 137 126 114 104 112 115 106 103 93 82 77 75 73 78 81 85 86
45 45 44 44 43 43 40 40 41 43 42 41 41 40 41 44 45 45 42 41 44 43 44 42 40 43 41 41 43 43 44 45 47 47 47 49 49 48 47 50 50 51 50 51 52 54 55 59 60 60 60 59 56 58 61 66 72 83 122 155 192 209 211 228 211 203 210 249 281 279 254 207 200 223 214 232 255 247 197 164 145 123 100 95 95 89 84 79 78 73 72 70 74 79 81 82
45 42 42 43 43 44 42 40 40 41 41 41 42 42 41 43 44 44 43 41 42 44 44 45 41 43 43 43 41 41 43 45 46 46 47 47 48 48 48 48 48 48 48 49 50 53 54 55 58 58 57 56 58 59 60 64 72 87 150 163 176 166 166 190 165 166 197 238 263 273 259 197 180 175 171 191 219 227 203 180 149 117 98 88 89 86 81 78 76 74 73 69 69 76 77 78
43 43 42 43 43 42 42 42 40 38 40 42 39 39 38 42 45 44 44 43 43 43 44 45 42 41 43 43 44 42 41 44 41 44 46 46 46 46 46 47 47 47 49 51 53 55 52 54 55 56 54 53 56 57 58 62 66 81 134 139 143 124 134 152 132 152 181 207 238 268 260 221 194 175 153 146 168 189 157 137 122 103 94 87 85 82 77 75 75 73 72 68 70 74 76 76
42 42 42 43 43 42 41 41 41 39 38 39 39 38 39 41 43 45 43 44 43 44 43 44 43 42 43 43 44 41 41 43 43 45 46 46 45 45 49 47 46 49 51 51 57 76 63 55 53 54 52 52 53 56 58 57 62 72 98 100 103 95 104 113 122 159 187 204 228 270 290 238 223 195 164 138 127 135 125 107 101 92 86 83 77 78 75 74 73 70 67 69 71 75 75 74
40 40 42 42 42 39 41 40 42 39 38 37 37 37 37 39 42 42 41 44 43 44 43 42 41 42 42 43 43 41 39 41 42 45 43 44 44 44 45 46 45 47 56 58 65 100 83 60 52 50 50 51 51 51 53 55 57 61 71 75 77 79 84 94 112 134 160 178 203 240 277 266 235 215 195 161 138 123 103 102 97 93 93 95 83 79 75 75 71 68 66 66 71 73 73 71
40 40 42 42 42 39 41 40 42 39 38 37 37 37 37 39 42 42 41 44 43 44 43 42 41 42 42 43 43 41 39 41 42 45 43 44 44 44 45 46 45 47 56 58 65 100 83 60 52 50 50 51 51 51 53 54 57 59 66 67 72 81 96 119 155 157 163 171 190 222 242 260 260 242 214 185 169 152 119 107 114 125 126 119 100 84 76 72 69 65 64 65 66 72 73 68
41 39 39 41 41 41 42 40 41 40 38 36 39 37 37 38 40 41 42 42 43 43 42 42 40 42 43 44 43 44 42 43 41 43 41 42 43 44 42 43 44 51 66 79 77 99 76 59 50 49 47 50 49 48 50 54 57 59 66 67 72 81 96 119 155 157 163 171 190 222 242 260 260 242 214 185 169 152 119 107 114 125 126 119 100 84 76 72 69 65 64 65 66 72 73 68
42 40 40 40 39 40 41 39 40 40 39 36 39 38 34 37 38 42 42 42 43 42 43 44 43 42 43 43 44 45 44 44 40 42 42 41 42 43 44 45 45 49 64 82 90 84 66 56 49 47 44 48 47 46 49 52 57 59 63 64 70 87 109 136 161 161 180 204 231 225 201 211 242 253 248 216 197 182 147 136 144 156 135 102 78 74 73 71 66 64 63 65 69 70 70 66
44 42 42 40 40 40 41 40 41 40 40 39 36 38 35 36 40 42 42 42 41 41 42 42 42 40 40 43 43 42 42 42 41 39 40 41 43 42 42 42 45 48 71 101 112 75 63 53 47 45 45 45 46 45 46 48 53 55 58 59 68 81 109 128 121 127 162 203 228 206 165 161 186 217 230 223 193 174 179 172 165 149 119 87 69 68 69 68 66 63 63 65 68 68 66 65
42 41 40 39 39 40 40 40 39 40 39 38 34 35 35 36 39 40 41 42 40 41 40 42 43 41 38 40 41 40 39 39 40 40 41 41 42 42 41 40 43 49 73 103 122 89 69 54 46 44 45 43 42 42 43 45 50 53 56 59 63 71 79 88 94 127 171 198 200 175 144 122 140 180 187 170 156 140 169 175 150 123 100 84 66 66 67 66 65 62 60 64 66 66 65 64
41 41 41 39 39 39 39 38 38 40 41 39 34 32 36 38 41 41 39 40 42 41 41 42 45 40 39 40 40 38 38 37 39 41 41 40 41 42 41 40 43 43 55 72 95 115 87 57 45 44 43 43 42 42 43 43 45 47 56 57 55 61 65 69 76 111 137 162 173 142 118 95 110 141 144 122 110 104 130 148 131 102 78 69 62 63 63 63 64 59 59 60 63 64 63 62
42 43 41 38 40 39 39 40 40 40 40 38 36 34 37 37 39 40 41 41 42 41 42 42 42 42 40 38 38 38 38 37 39 41 39 39 41 42 40 40 42 45 51 59 75 102 79 52 46 44 44 43 43 43 43 44 45 47 53 53 53 58 63 71 84 105 120 150 167 142 106 79 90 106 98 91 85 83 97 108 109 90 72 61 58 60 60 62 61 58 57 60 61 63 60 62
41 42 42 38 38 38 39 39 40 39 38 37 35 35 37 38 39 40 42 42 41 39 40 41 43 43 42 40 38 39 40 40 41 40 38 38 40 40 40 41 44 54 64 66 76 82 60 47 46 44 43 42 42 43 42 43 45 44 47 48 50 53 57 66 80 120 141 143 140 117 93 73 77 77 73 71 71 71 75 81 85 78 66 57 55 59 58 58 57 56 55 59 60 60 61 61
40 39 39 38 37 39 38 38 38 39 36 35 34 37 40 41 40 42 44 46 45 43 43 46 46 44 44 41 40 41 39 43 39 40 39 38 39 37 39 41 47 65 84 90 97 82 58 48 45 43 44 42 42 40 40 41 42 42 42 43 47 49 54 58 65 99 129 146 122 99 81 68 64 63 63 64 63 65 65 63 62 59 56 54 56 57 55 56 56 55 56 58 59 58 58 59
40 39 39 38 37 39 38 38 38 39 36 35 34 37 40 41 40 42 44 46 45 43 43 46 46 44 44 41 40 41 39 43 39 40 39 38 39 37 39 41 47 65 84 90 97 82 58 48 45 43 44 42 42 40 40 41 42 42 42 43 47 49 54 58 65 99 129 146 122 99 81 68 64 63 63 64 63 65 65 63 62 59 56 54 56 57 55 56 56 55 56 58 59 58 58 59
41 40 39 37 38 37 38 38 38 37 35 33 36 35 36 39 40 42 41 42 41 41 41 41 41 39 44 43 42 39 39 41 36 40 37 37 39 38 40 38 39 52 63 67 76 82 59 48 45 43 43 41 40 39 38 39 39 39 41 41 43 49 49 55 65 108 139 161 149 116 90 69 66 64 61 59 59 59 58 55 54 53 52 51 56 54 54 55 54 55 58 58 56 57 57 57
41 40 39 37 36 36 36 37 36 37 35 32 36 33 35 40 42 41 44 39 39 40 38 37 39 40 41 40 45 42 38 40 35 38 36 37 36 37 39 38 38 39 40 40 52 65 61 51 47 44 43 47 40 38 36 35 38 37 37 39 41 45 48 53 63 121 146 159 158 139 115 86 73 62 57 57 56 55 52 51 51 51 51 50 55 54 54 53 54 56 61 56 54 54 55 55
